{
  "camera_angle_x": 0.43062614440510544,
  "camera_angle_y": 0.20430425252450674,
  "fl_x": 3429.3045164312293,
  "fl_y": 9755.24702195048,
  "k1": 46.63702326086026,
  "k2": -3690.186442644954,
  "k3": 0,
  "k4": 0,
  "p1": 0.44201920446459453,
  "p2": 2.435405764702236,
  "is_fisheye": false,
  "cx": 646.5296351615151,
  "cy": 885.5024120717262,
  "w": 1500.0,
  "h": 2000.0,
  "aabb_scale": 16,
  "frames": [
    {
      "file_path": "./train/Photoroom-20240806_225723_21.png",
      "sharpness": 25.865973333333333,
      "transform_matrix": [
        [
          0.07048262684210432,
          -0.3456506884667241,
          0.9357124563328642,
          4.083591967692741
        ],
        [
          0.9951488234723268,
          0.08891023488059059,
          -0.04211637775456916,
          -0.23815134972038307
        ],
        [
          -0.06863685930665785,
          0.9341416229652671,
          0.35024050286759284,
          1.5347310889336498
        ],
        [
          0.0,
          0.0,
          0.0,
          1.0
        ]
      ]
    },
    {
      "file_path": "./train/Photoroom-20240806_225723_15.png",
      "sharpness": 95.85064533333333,
      "transform_matrix": [
        [
          0.33306474849599,
          0.828694298918578,
          0.4498151090278258,
          2.000026160571916
        ],
        [
          0.9199886564772894,
          -0.18107455841162243,
          -0.347610236111066,
          -1.5421752284515626
        ],
        [
          -0.20661254867689202,
          0.5296015136826591,
          -0.8226989069488816,
          -3.6518216191668964
        ],
        [
          0.0,
          0.0,
          0.0,
          1.0
        ]
      ]
    },
    {
      "file_path": "./train/Photoroom-20240806_225723_22.png",
      "sharpness": 45.578576,
      "transform_matrix": [
        [
          0.02166404247566434,
          -0.48304361059831685,
          0.8753282467647897,
          2.7939493885241844
        ],
        [
          0.995398419611348,
          0.09216432353496344,
          0.02622448669882028,
          0.13446567042603935
        ],
        [
          -0.09334160647520809,
          0.8707322250770982,
          0.4828174984127265,
          1.5355922209336683
        ],
        [
          0.0,
          0.0,
          0.0,
          1.0
        ]
      ]
    }
  ]
}